0.000000e+00 0.000000e+00 0.000000e+00 0.000000e+00 
8.064516e-02 1.121497e-03 1.819149e-04 -1.400469e-22 
1.612903e-01 2.706981e-03 4.390908e-04 -1.650316e-21 
2.419355e-01 5.807021e-04 9.419346e-05 1.781628e-22 
3.225806e-01 -8.922626e-03 -1.447299e-03 -1.101134e-20 
4.032258e-01 -2.578293e-02 -4.182148e-03 -4.194851e-21 
4.838710e-01 -4.457924e-02 -7.231196e-03 6.069844e-20 
5.645161e-01 -5.542278e-02 -8.990626e-03 -1.189990e-19 
6.451613e-01 -4.759630e-02 -7.721746e-03 -9.757102e-20 
7.258065e-01 -1.468448e-02 -2.382622e-03 1.422296e-21 
8.064516e-01 4.089832e-02 6.636810e-03 -3.978065e-21 
8.870968e-01 1.061514e-01 1.722757e-02 9.435546e-22 
9.677419e-01 1.598335e-01 2.594056e-02 2.638951e-19 
1.048387e+00 1.787455e-01 2.900770e-02 2.017925e-19 
1.129032e+00 1.461595e-01 2.371493e-02 3.565087e-19 
1.209677e+00 5.948930e-02 9.649604e-03 7.086574e-20 
1.290323e+00 -6.583697e-02 -1.067581e-02 6.334558e-20 
1.370968e+00 -1.983239e-01 -3.215042e-02 1.741944e-19 
1.451613e+00 -2.983242e-01 -4.835450e-02 4.048169e-19 
1.532258e+00 -3.299315e-01 -5.348011e-02 8.051058e-20 
1.612903e+00 -2.732277e-01 -4.430009e-02 5.128544e-22 
1.693548e+00 -1.327543e-01 -2.153348e-02 -6.224244e-21 
1.774194e+00 6.102941e-02 9.904326e-03 7.111143e-21 
1.854839e+00 2.584567e-01 4.196389e-02 -3.646637e-19 
1.935484e+00 4.040561e-01 6.562365e-02 -4.536573e-19 
2.016129e+00 4.528554e-01 7.355252e-02 7.042971e-19 
2.096774e+00 3.845988e-01 6.245148e-02 1.429427e-19 
2.177419e+00 2.112744e-01 3.429066e-02 -9.262631e-20 
2.258065e+00 -2.474388e-02 -4.013596e-03 4.740449e-20 
2.338710e+00 -2.617750e-01 -4.243642e-02 -1.781350e-19 
2.419355e+00 -4.360518e-01 -7.065869e-02 -8.405808e-19 
2.500000e+00 -5.000000e-01 -8.100855e-02 4.296746e-20 
2.580645e+00 -4.360518e-01 -7.065881e-02 -1.336396e-19 
2.661290e+00 -2.617750e-01 -4.243664e-02 -3.601937e-19 
2.741935e+00 -2.474388e-02 -4.013593e-03 -1.107406e-19 
2.822581e+00 2.112744e-01 3.429026e-02 2.759100e-19 
2.903226e+00 3.845988e-01 6.245032e-02 -1.279730e-18 
2.983871e+00 4.528554e-01 7.355070e-02 -7.496148e-20 
3.064516e+00 4.040561e-01 6.562205e-02 3.033574e-19 
3.145161e+00 2.584567e-01 4.196347e-02 7.076867e-19 
3.225806e+00 6.102941e-02 9.904445e-03 -2.969871e-20 
3.306452e+00 -1.327543e-01 -2.153429e-02 -8.964359e-20 
3.387097e+00 -2.732277e-01 -4.430291e-02 2.590016e-20 
3.467742e+00 -3.299315e-01 -5.348444e-02 -1.573238e-19 
3.548387e+00 -2.983242e-01 -4.835858e-02 -2.361907e-19 
3.629032e+00 -1.983239e-01 -3.215280e-02 -1.983834e-19 
3.709677e+00 -6.583697e-02 -1.067636e-02 2.925367e-19 
3.790323e+00 5.948930e-02 9.649828e-03 4.719357e-20 
3.870968e+00 1.461595e-01 2.371486e-02 3.940193e-19 
3.951613e+00 1.787455e-01 2.900711e-02 -9.914829e-20 
4.032258e+00 1.598335e-01 2.593992e-02 -3.772748e-20 
4.112903e+00 1.061514e-01 1.722732e-02 -1.239291e-19 
4.193548e+00 4.089832e-02 6.636852e-03 2.915970e-20 
4.274194e+00 -1.468448e-02 -2.382699e-03 -9.217920e-21 
4.354839e+00 -4.759630e-02 -7.722192e-03 6.491135e-20 
4.435484e+00 -5.542278e-02 -8.991317e-03 8.409453e-22 
4.516129e+00 -4.457924e-02 -7.231828e-03 4.255133e-21 
4.596774e+00 -2.578293e-02 -4.182523e-03 1.638615e-20 
4.677419e+00 -8.922626e-03 -1.447423e-03 -1.967022e-21 
4.758065e+00 5.807021e-04 9.420086e-05 9.366522e-22 
4.838710e+00 2.706981e-03 4.391224e-04 1.062689e-20 
4.919355e+00 1.121497e-03 1.819270e-04 -3.796449e-21 
