0.000000e+00 0.000000e+00 0.000000e+00 0.000000e+00 
8.064516e-02 1.121497e-03 1.858626e-04 -1.494808e-21 
1.612903e-01 2.706981e-03 4.486194e-04 5.435123e-22 
2.419355e-01 5.807021e-04 9.623753e-05 2.088047e-22 
3.225806e-01 -8.922626e-03 -1.478707e-03 -8.468582e-21 
4.032258e-01 -2.578293e-02 -4.272904e-03 -3.456821e-21 
4.838710e-01 -4.457924e-02 -7.388115e-03 1.374216e-20 
5.645161e-01 -5.542278e-02 -9.185714e-03 9.765736e-20 
6.451613e-01 -4.759630e-02 -7.889285e-03 2.376367e-20 
7.258065e-01 -1.468448e-02 -2.434311e-03 1.303911e-20 
8.064516e-01 4.089832e-02 6.780772e-03 -8.597027e-21 
8.870968e-01 1.061514e-01 1.760122e-02 -1.826827e-19 
9.677419e-01 1.598335e-01 2.650316e-02 1.395802e-19 
1.048387e+00 1.787455e-01 2.963688e-02 2.087651e-19 
1.129032e+00 1.461595e-01 2.422941e-02 1.215221e-19 
1.209677e+00 5.948930e-02 9.859003e-03 -4.012278e-21 
1.290323e+00 -6.583697e-02 -1.090755e-02 4.773595e-20 
1.370968e+00 -1.983239e-01 -3.284851e-02 1.986896e-19 
1.451613e+00 -2.983242e-01 -4.940458e-02 -7.615414e-19 
1.532258e+00 -3.299315e-01 -5.464145e-02 -1.305885e-19 
1.612903e+00 -2.732277e-01 -4.526183e-02 2.265043e-19 
1.693548e+00 -1.327543e-01 -2.200077e-02 2.540046e-21 
1.774194e+00 6.102941e-02 1.011915e-02 2.091592e-21 
1.854839e+00 2.584567e-01 4.287364e-02 -2.330569e-19 
1.935484e+00 4.040561e-01 6.704591e-02 -1.218258e-19 
2.016129e+00 4.528554e-01 7.514654e-02 3.303382e-19 
2.096774e+00 3.845988e-01 6.380523e-02 -2.491551e-19 
2.177419e+00 2.112744e-01 3.503433e-02 2.264521e-19 
2.258065e+00 -2.474388e-02 -4.100691e-03 -2.159117e-20 
2.338710e+00 -2.617750e-01 -4.335783e-02 -2.687269e-19 
2.419355e+00 -4.360518e-01 -7.219353e-02 4.024716e-19 
2.500000e+00 -5.000000e-01 -8.276848e-02 -4.914967e-19 
2.580645e+00 -4.360518e-01 -7.219365e-02 1.067956e-21 
2.661290e+00 -2.617750e-01 -4.335806e-02 4.842328e-20 
2.741935e+00 -2.474388e-02 -4.100689e-03 1.901508e-20 
2.822581e+00 2.112744e-01 3.503393e-02 -9.544468e-20 
2.903226e+00 3.845988e-01 6.380408e-02 5.941009e-19 
2.983871e+00 4.528554e-01 7.514471e-02 -4.887556e-19 
3.064516e+00 4.040561e-01 6.704428e-02 -9.239540e-21 
3.145161e+00 2.584567e-01 4.287320e-02 -4.170446e-19 
3.225806e+00 6.102941e-02 1.011926e-02 -1.082457e-19 
3.306452e+00 -1.327543e-01 -2.200156e-02 8.269485e-20 
3.387097e+00 -2.732277e-01 -4.526462e-02 -1.864792e-19 
3.467742e+00 -3.299315e-01 -5.464573e-02 -3.428308e-19 
3.548387e+00 -2.983242e-01 -4.940862e-02 -3.360553e-19 
3.629032e+00 -1.983239e-01 -3.285086e-02 1.028606e-19 
3.709677e+00 -6.583697e-02 -1.090810e-02 2.385333e-19 
3.790323e+00 5.948930e-02 9.859220e-03 1.092716e-20 
3.870968e+00 1.461595e-01 2.422932e-02 -1.431661e-19 
3.951613e+00 1.787455e-01 2.963626e-02 1.047243e-19 
4.032258e+00 1.598335e-01 2.650251e-02 -2.609539e-19 
4.112903e+00 1.061514e-01 1.760095e-02 -4.322531e-20 
4.193548e+00 4.089832e-02 6.780807e-03 -7.123912e-20 
4.274194e+00 -1.468448e-02 -2.434386e-03 -2.184928e-21 
4.354839e+00 -4.759630e-02 -7.889722e-03 -2.225652e-20 
4.435484e+00 -5.542278e-02 -9.186394e-03 -1.324032e-21 
4.516129e+00 -4.457924e-02 -7.388738e-03 -2.465458e-20 
4.596774e+00 -2.578293e-02 -4.273273e-03 -4.254944e-20 
4.677419e+00 -8.922626e-03 -1.478828e-03 1.117106e-20 
4.758065e+00 5.807021e-04 9.624481e-05 -1.426295e-22 
4.838710e+00 2.706981e-03 4.486504e-04 4.239178e-21 
4.919355e+00 1.121497e-03 1.858745e-04 1.848631e-21 
