2.01652e-04 -2.39461e-04 
1.81013e-05 3.06977e-05 
3.08391e-05 2.84572e-05 
2.27047e-05 -5.58377e-05 
-6.23772e-05 1.02936e-05 
8.43332e-05 3.28577e-05 
-2.53141e-04 3.64278e-05 
-3.63088e-05 -2.52250e-03 
2.02137e-01 2.93357e+00 
-2.88182e+00 -5.74858e-01 
-4.60849e-05 -3.88085e-05 
5.90785e-06 -3.48364e-06 
5.47666e-06 -5.93506e-06 
-1.07461e-05 -4.36958e-06 
1.98103e-06 1.20046e-05 
6.32355e-06 -1.62301e-05 
7.01062e-06 4.87177e-05 
-4.85461e-04 6.98772e-06 
5.64573e-01 -3.89018e-02 
-1.10633e-01 5.54613e-01 
6.27312e-05 -7.44931e-05 
5.63106e-06 9.54964e-06 
9.59362e-06 8.85265e-06 
7.06312e-06 -1.73704e-05 
-1.94047e-05 3.20219e-06 
2.62349e-05 1.02216e-05 
-7.87489e-05 1.13322e-05 
-1.12952e-05 -7.84715e-04 
6.28820e-02 9.12593e-01 
-8.96494e-01 -1.78831e-01 
-2.23108e-05 -1.87881e-05 
2.86013e-06 -1.68651e-06 
2.65137e-06 -2.87330e-06 
-5.20244e-06 -2.11541e-06 
9.59060e-07 5.81172e-06 
3.06137e-06 -7.85738e-06 
3.39400e-06 2.35854e-05 
-2.35023e-04 3.38290e-06 
2.73323e-01 -1.88332e-02 
-5.35600e-02 2.68501e-01 
3.64305e-05 -4.32611e-05 
3.27018e-06 5.54585e-06 
5.57139e-06 5.14108e-06 
4.10183e-06 -1.00876e-05 
-1.12691e-05 1.85964e-06 
1.52356e-05 5.93608e-06 
-4.57326e-05 6.58104e-06 
-6.55952e-06 -4.55715e-04 
3.65180e-02 5.29979e-01 
-5.20629e-01 -1.03854e-01 
-1.43148e-05 -1.20546e-05 
1.83508e-06 -1.08208e-06 
1.70115e-06 -1.84353e-06 
-3.33793e-06 -1.35727e-06 
6.15341e-07 3.72885e-06 
1.96420e-06 -5.04137e-06 
2.17762e-06 1.51326e-05 
-1.50793e-04 2.17049e-06 
1.75366e-01 -1.20835e-02 
-3.43646e-02 1.72272e-01 
2.48550e-05 -2.95153e-05 
2.23111e-06 3.78371e-06 
3.80114e-06 3.50755e-06 
2.79851e-06 -6.88239e-06 
-7.68843e-06 1.26876e-06 
1.03947e-05 4.04994e-06 
-3.12015e-05 4.48998e-06 
-4.47526e-06 -3.10916e-04 
2.49147e-02 3.61583e-01 
-3.55204e-01 -7.08555e-02 
-1.01649e-05 -8.55993e-06 
1.30309e-06 -7.68381e-07 
1.20798e-06 -1.30909e-06 
-2.37026e-06 -9.63792e-07 
4.36953e-07 2.64785e-06 
1.39478e-06 -3.57986e-06 
1.54632e-06 1.07456e-05 
-1.07078e-04 1.54125e-06 
1.24527e-01 -8.58047e-03 
-2.44022e-02 1.22330e-01 
1.81212e-05 -2.15189e-05 
1.62665e-06 2.75860e-06 
2.77131e-06 2.55727e-06 
2.04033e-06 -5.01778e-06 
-5.60544e-06 9.25019e-07 
7.57849e-06 2.95271e-06 
-2.27482e-05 3.27353e-06 
-3.26277e-06 -2.26681e-04 
1.81646e-02 2.63621e-01 
-2.58970e-01 -5.16590e-02 
-7.53648e-06 -6.34652e-06 
9.66138e-07 -5.69695e-07 
8.95624e-07 -9.70588e-07 
-1.75736e-06 -7.14577e-07 
3.23967e-07 1.96318e-06 
1.03412e-06 -2.65419e-06 
1.14648e-06 7.96704e-06 
-7.93897e-05 1.14270e-06 
9.23272e-02 -6.36173e-03 
-1.80924e-02 9.06984e-02 
1.35621e-05 -1.61049e-05 
1.21740e-06 2.06457e-06 
2.07408e-06 1.91388e-06 
1.52700e-06 -3.75536e-06 
-4.19517e-06 6.92294e-07 
5.67182e-06 2.20984e-06 
-1.70250e-05 2.44994e-06 
-2.44186e-06 -1.69650e-04 
1.35946e-02 1.97297e-01 
-1.93816e-01 -3.86622e-02 
-5.65762e-06 -4.76432e-06 
7.25276e-07 -4.27669e-07 
6.72342e-07 -7.28618e-07 
-1.31925e-06 -5.36431e-07 
2.43201e-07 1.47375e-06 
7.76310e-07 -1.99249e-06 
8.60657e-07 5.98083e-06 
-5.95976e-05 8.57814e-07 
6.93098e-02 -4.77572e-03 
-1.35819e-02 6.80870e-02 
1.01511e-05 -1.20544e-05 
9.11211e-07 1.54531e-06 
1.55243e-06 1.43252e-06 
1.14294e-06 -2.81085e-06 
-3.14004e-06 5.18175e-07 
4.24530e-06 1.65404e-06 
-1.27430e-05 1.83376e-06 
-1.82769e-06 -1.26981e-04 
1.01754e-02 1.47675e-01 
-1.45069e-01 -2.89383e-02 
-4.19565e-06 -3.53318e-06 
5.37860e-07 -3.17156e-07 
4.98605e-07 -5.40338e-07 
-9.78345e-07 -3.97814e-07 
1.80356e-07 1.09292e-06 
5.75706e-07 -1.47762e-06 
6.38258e-07 4.43535e-06 
-4.41972e-05 6.36142e-07 
5.13997e-02 -3.54163e-03 
-1.00723e-02 5.04929e-02 
7.40385e-06 -8.79207e-06 
6.64607e-07 1.12710e-06 
1.13229e-06 1.04484e-06 
8.33627e-07 -2.05014e-06 
-2.29024e-06 3.77940e-07 
3.09638e-06 1.20640e-06 
-9.29435e-06 1.33748e-06 
-1.33304e-06 -9.26161e-05 
7.42155e-03 1.07709e-01 
-1.05809e-01 -2.11067e-02 
-2.98131e-06 -2.51058e-06 
3.82187e-07 -2.25362e-07 
3.54294e-07 -3.83948e-07 
-6.95183e-07 -2.82675e-07 
1.28156e-07 7.76600e-07 
4.09080e-07 -1.04995e-06 
4.53527e-07 3.15163e-06 
-3.14052e-05 4.52019e-07 
3.65231e-02 -2.51657e-03 
-7.15708e-03 3.58788e-02 
5.05705e-06 -6.00525e-06 
4.53947e-07 7.69840e-07 
7.73387e-07 7.13654e-07 
5.69392e-07 -1.40031e-06 
-1.56430e-06 2.58145e-07 
2.11492e-06 8.24010e-07 
-6.34832e-06 9.13539e-07 
-9.10498e-07 -6.32596e-05 
5.06913e-03 7.35685e-02 
-7.22706e-02 -1.44165e-02 
-1.91677e-06 -1.61412e-06 
2.45719e-07 -1.44892e-07 
2.27786e-07 -2.46851e-07 
-4.46953e-07 -1.81740e-07 
8.23952e-08 4.99298e-07 
2.63009e-07 -6.75045e-07 
2.91585e-07 2.02627e-06 
-2.01913e-05 2.90614e-07 
2.34817e-02 -1.61797e-03 
-4.60149e-03 2.30675e-02 
2.94938e-06 -3.50239e-06 
2.64752e-07 4.48987e-07 
4.51056e-07 4.16219e-07 
3.32082e-07 -8.16690e-07 
-9.12337e-07 1.50556e-07 
1.23347e-06 4.80580e-07 
-3.70248e-06 5.32796e-07 
-5.31019e-07 -3.68944e-05 
2.95642e-03 4.29067e-02 
-4.21498e-02 -8.40803e-03 
-9.38553e-07 -7.90360e-07 
1.20317e-07 -7.09468e-08 
1.11536e-07 -1.20872e-07 
-2.18852e-07 -8.89896e-08 
4.03451e-08 2.44483e-07 
1.28783e-07 -3.30539e-07 
1.42776e-07 9.92171e-07 
-9.88676e-06 1.42299e-07 
1.14979e-02 -7.92245e-04 
-2.25314e-03 1.12951e-02 
9.69682e-07 -1.15150e-06 
8.70436e-08 1.47615e-07 
1.48296e-07 1.36842e-07 
1.09180e-07 -2.68507e-07 
-2.99953e-07 4.94989e-08 
4.05533e-07 1.58003e-07 
-1.21728e-06 1.75170e-07 
-1.74585e-07 -1.21299e-05 
9.71994e-04 1.41066e-02 
-1.38578e-02 -2.76435e-03 
