-8.02682e-07 2.88933e-06 -1.65015e-05 2.67934e-04 7.06009e-01 7.06009e-01 2.67934e-04 -1.65015e-05 2.88933e-06 -8.02682e-07 
-3.65935e-06 1.03275e-05 -4.29462e-05 4.46936e-04 7.05991e-01 -7.05991e-01 -4.46936e-04 4.29462e-05 -1.03275e-05 3.65935e-06 
2.90550e-06 -1.31763e-05 1.47212e-04 6.20341e-01 -2.35419e-04 -2.35419e-04 6.20341e-01 1.47212e-04 -1.31763e-05 2.90550e-06 
4.84500e-06 -1.82035e-05 1.66867e-04 6.20324e-01 -3.92693e-04 3.92693e-04 -6.20324e-01 -1.66867e-04 1.82035e-05 -4.84500e-06 
-2.11042e-06 2.08659e-05 1.27179e-01 -3.01789e-05 2.98390e-06 2.98390e-06 -3.01789e-05 1.27179e-01 2.08659e-05 -2.11042e-06 
-2.48568e-06 2.20569e-05 1.27166e-01 -3.42021e-05 7.75696e-06 -7.75696e-06 3.42021e-05 -1.27166e-01 -2.20569e-05 2.48568e-06 
-8.05267e-05 -6.46335e-01 1.06038e-04 -1.37522e-05 2.65272e-06 2.65272e-06 -1.37522e-05 1.06038e-04 -6.46335e-01 -8.05267e-05 
8.30846e-05 6.46337e-01 -1.12100e-04 1.89903e-05 -9.47331e-06 9.47331e-06 -1.89903e-05 1.12100e-04 -6.46337e-01 -8.30846e-05 
-1.47223e-01 1.83421e-05 -2.44588e-06 6.90456e-07 -1.67776e-07 -1.67776e-07 6.90456e-07 -2.44588e-06 1.83421e-05 -1.47223e-01 
1.47219e-01 -1.89240e-05 2.88058e-06 -1.15069e-06 7.64259e-07 -7.64259e-07 1.15069e-06 -2.88058e-06 1.89240e-05 -1.47219e-01 
