0.000000e+00 0.000000e+00 0.000000e+00 0.000000e+00 
8.064516e-02 1.121497e-03 1.882364e-04 -9.681612e-22 
1.612903e-01 2.706981e-03 4.543493e-04 1.790201e-22 
2.419355e-01 5.807021e-04 9.746670e-05 -6.642130e-23 
3.225806e-01 -8.922626e-03 -1.497593e-03 -1.067564e-21 
4.032258e-01 -2.578293e-02 -4.327479e-03 1.100272e-21 
4.838710e-01 -4.457924e-02 -7.482475e-03 -7.885928e-21 
5.645161e-01 -5.542278e-02 -9.303027e-03 -5.800924e-23 
6.451613e-01 -4.759630e-02 -7.990032e-03 2.833796e-20 
7.258065e-01 -1.468448e-02 -2.465394e-03 -8.986113e-21 
8.064516e-01 4.089832e-02 6.867341e-03 9.728511e-22 
8.870968e-01 1.061514e-01 1.782591e-02 1.486429e-19 
9.677419e-01 1.598335e-01 2.684148e-02 -2.196254e-21 
1.048387e+00 1.787455e-01 3.001523e-02 1.991483e-19 
1.129032e+00 1.461595e-01 2.453878e-02 -2.110350e-20 
1.209677e+00 5.948930e-02 9.984920e-03 2.699909e-20 
1.290323e+00 -6.583697e-02 -1.104691e-02 9.278587e-20 
1.370968e+00 -1.983239e-01 -3.326827e-02 1.293204e-19 
1.451613e+00 -2.983242e-01 -5.003598e-02 2.794065e-20 
1.532258e+00 -3.299315e-01 -5.533989e-02 3.505521e-19 
1.612903e+00 -2.732277e-01 -4.584026e-02 6.682332e-20 
1.693548e+00 -1.327543e-01 -2.228176e-02 -3.130238e-20 
1.774194e+00 6.102941e-02 1.024833e-02 7.127910e-21 
1.854839e+00 2.584567e-01 4.342062e-02 -2.810617e-19 
1.935484e+00 4.040561e-01 6.790082e-02 -7.126137e-19 
2.016129e+00 4.528554e-01 7.610528e-02 6.905523e-20 
2.096774e+00 3.845988e-01 6.461972e-02 -7.535737e-20 
2.177419e+00 2.112744e-01 3.548152e-02 -4.887656e-20 
2.258065e+00 -2.474388e-02 -4.153065e-03 2.392104e-20 
2.338710e+00 -2.617750e-01 -4.391183e-02 2.266598e-19 
2.419355e+00 -4.360518e-01 -7.311583e-02 1.315458e-20 
2.500000e+00 -5.000000e-01 -8.382677e-02 -2.427200e-19 
2.580645e+00 -4.360518e-01 -7.311724e-02 6.618349e-21 
2.661290e+00 -2.617750e-01 -4.391223e-02 6.959477e-19 
2.741935e+00 -2.474388e-02 -4.153063e-03 -2.454019e-20 
2.822581e+00 2.112744e-01 3.548112e-02 -3.607713e-21 
2.903226e+00 3.845988e-01 6.461775e-02 -1.179454e-19 
2.983871e+00 4.528554e-01 7.610306e-02 -1.695511e-19 
3.064516e+00 4.040561e-01 6.789981e-02 5.003311e-20 
3.145161e+00 2.584567e-01 4.342033e-02 -2.173870e-20 
3.225806e+00 6.102941e-02 1.024843e-02 1.075733e-19 
3.306452e+00 -1.327543e-01 -2.228256e-02 4.012789e-20 
3.387097e+00 -2.732277e-01 -4.584286e-02 5.515067e-20 
3.467742e+00 -3.299315e-01 -5.534399e-02 -8.842841e-20 
3.548387e+00 -2.983242e-01 -5.004009e-02 -1.814976e-19 
3.629032e+00 -1.983239e-01 -3.327065e-02 2.461473e-20 
3.709677e+00 -6.583697e-02 -1.104745e-02 5.224888e-20 
3.790323e+00 5.948930e-02 9.985136e-03 -3.959359e-20 
3.870968e+00 1.461595e-01 2.453867e-02 5.014160e-20 
3.951613e+00 1.787455e-01 3.001459e-02 2.665159e-20 
4.032258e+00 1.598335e-01 2.684081e-02 -2.721888e-20 
4.112903e+00 1.061514e-01 1.782563e-02 -3.981172e-20 
4.193548e+00 4.089832e-02 6.867372e-03 -5.379152e-20 
4.274194e+00 -1.468448e-02 -2.465467e-03 7.230277e-21 
4.354839e+00 -4.759630e-02 -7.990463e-03 5.183103e-20 
4.435484e+00 -5.542278e-02 -9.303701e-03 -4.665839e-21 
4.516129e+00 -4.457924e-02 -7.483093e-03 2.198553e-20 
4.596774e+00 -2.578293e-02 -4.327844e-03 1.222948e-20 
4.677419e+00 -8.922626e-03 -1.497714e-03 -4.295142e-21 
4.758065e+00 5.807021e-04 9.747390e-05 8.310558e-22 
4.838710e+00 2.706981e-03 4.543799e-04 -4.996395e-21 
4.919355e+00 1.121497e-03 1.882482e-04 1.870603e-21 
