0.000000e+00 0.000000e+00 0.000000e+00 0.000000e+00 
8.064516e-02 1.121497e-03 1.819149e-04 -2.541303e-21 
1.612903e-01 2.706981e-03 4.390908e-04 2.028667e-22 
2.419355e-01 5.807021e-04 9.419346e-05 1.463786e-23 
3.225806e-01 -8.922626e-03 -1.447299e-03 1.349977e-20 
4.032258e-01 -2.578293e-02 -4.182148e-03 -1.793822e-21 
4.838710e-01 -4.457924e-02 -7.231196e-03 -9.435407e-20 
5.645161e-01 -5.542278e-02 -8.990626e-03 -1.030160e-20 
6.451613e-01 -4.759630e-02 -7.721746e-03 7.723315e-20 
7.258065e-01 -1.468448e-02 -2.382622e-03 -4.523571e-21 
8.064516e-01 4.089832e-02 6.636810e-03 -1.659011e-20 
8.870968e-01 1.061514e-01 1.722757e-02 1.476596e-19 
9.677419e-01 1.598335e-01 2.594056e-02 6.406457e-19 
1.048387e+00 1.787455e-01 2.900770e-02 4.956449e-20 
1.129032e+00 1.461595e-01 2.371493e-02 4.615836e-19 
1.209677e+00 5.948930e-02 9.649604e-03 4.864799e-20 
1.290323e+00 -6.583697e-02 -1.067581e-02 1.166192e-19 
1.370968e+00 -1.983239e-01 -3.215042e-02 1.534840e-19 
1.451613e+00 -2.983242e-01 -4.835450e-02 -7.402031e-19 
1.532258e+00 -3.299315e-01 -5.348011e-02 -4.930527e-19 
1.612903e+00 -2.732277e-01 -4.430009e-02 2.414664e-20 
1.693548e+00 -1.327543e-01 -2.153348e-02 -8.822376e-21 
1.774194e+00 6.102941e-02 9.904326e-03 -1.114108e-20 
1.854839e+00 2.584567e-01 4.196389e-02 4.642700e-19 
1.935484e+00 4.040561e-01 6.562365e-02 5.430206e-19 
2.016129e+00 4.528554e-01 7.355252e-02 -1.091201e-18 
2.096774e+00 3.845988e-01 6.245148e-02 -1.886754e-19 
2.177419e+00 2.112744e-01 3.429066e-02 2.045006e-19 
2.258065e+00 -2.474388e-02 -4.013596e-03 2.725724e-20 
2.338710e+00 -2.617750e-01 -4.243642e-02 1.675586e-19 
2.419355e+00 -4.360518e-01 -7.065869e-02 -2.851976e-19 
2.500000e+00 -5.000000e-01 -8.100855e-02 5.446139e-19 
2.580645e+00 -4.360518e-01 -7.065881e-02 1.854389e-20 
2.661290e+00 -2.617750e-01 -4.243664e-02 1.465288e-18 
2.741935e+00 -2.474388e-02 -4.013593e-03 -9.360608e-21 
2.822581e+00 2.112744e-01 3.429026e-02 -1.127925e-19 
2.903226e+00 3.845988e-01 6.245032e-02 -1.111624e-18 
2.983871e+00 4.528554e-01 7.355070e-02 -5.419775e-20 
3.064516e+00 4.040561e-01 6.562205e-02 6.071528e-20 
3.145161e+00 2.584567e-01 4.196347e-02 -3.817987e-19 
3.225806e+00 6.102941e-02 9.904445e-03 2.159633e-19 
3.306452e+00 -1.327543e-01 -2.153429e-02 3.026439e-19 
3.387097e+00 -2.732277e-01 -4.430291e-02 3.399906e-19 
3.467742e+00 -3.299315e-01 -5.348444e-02 -3.690810e-19 
3.548387e+00 -2.983242e-01 -4.835858e-02 4.574640e-19 
3.629032e+00 -1.983239e-01 -3.215280e-02 -4.903796e-19 
3.709677e+00 -6.583697e-02 -1.067636e-02 1.743049e-19 
3.790323e+00 5.948930e-02 9.649828e-03 -2.672737e-20 
3.870968e+00 1.461595e-01 2.371486e-02 -3.529732e-19 
3.951613e+00 1.787455e-01 2.900711e-02 -2.155896e-19 
4.032258e+00 1.598335e-01 2.593992e-02 5.605113e-20 
4.112903e+00 1.061514e-01 1.722732e-02 -7.083055e-20 
4.193548e+00 4.089832e-02 6.636852e-03 8.575447e-20 
4.274194e+00 -1.468448e-02 -2.382699e-03 6.423124e-22 
4.354839e+00 -4.759630e-02 -7.722192e-03 5.971541e-20 
4.435484e+00 -5.542278e-02 -8.991317e-03 -9.811138e-22 
4.516129e+00 -4.457924e-02 -7.231828e-03 -3.149953e-21 
4.596774e+00 -2.578293e-02 -4.182523e-03 6.698005e-21 
4.677419e+00 -8.922626e-03 -1.447423e-03 -5.216213e-21 
4.758065e+00 5.807021e-04 9.420086e-05 -1.440728e-22 
4.838710e+00 2.706981e-03 4.391224e-04 -2.541410e-21 
4.919355e+00 1.121497e-03 1.819270e-04 1.643324e-21 
