0.000000e+00 0.000000e+00 0.000000e+00 0.000000e+00 
8.064516e-02 1.121497e-03 1.070621e-04 -1.905797e-21 
1.612903e-01 2.706981e-03 2.584176e-04 1.648303e-27 
2.419355e-01 5.807021e-04 5.543559e-05 -7.941579e-23 
3.225806e-01 -8.922626e-03 -8.517779e-04 -4.065098e-20 
4.032258e-01 -2.578293e-02 -2.461316e-03 1.269890e-20 
4.838710e-01 -4.457924e-02 -4.255758e-03 1.118089e-19 
5.645161e-01 -5.542278e-02 -5.291202e-03 1.084195e-19 
6.451613e-01 -4.759630e-02 -4.544394e-03 1.016977e-19 
7.258065e-01 -1.468448e-02 -1.402201e-03 -9.084065e-26 
8.064516e-01 4.089832e-02 3.905793e-03 5.757138e-20 
8.870968e-01 1.061514e-01 1.013841e-02 -2.166286e-19 
9.677419e-01 1.598335e-01 1.526597e-02 -1.371106e-24 
1.048387e+00 1.787455e-01 1.707114e-02 2.168411e-18 
1.129032e+00 1.461595e-01 1.395661e-02 1.084210e-19 
1.209677e+00 5.948930e-02 5.679114e-03 2.782045e-23 
1.290323e+00 -6.583697e-02 -6.283285e-03 -2.167875e-19 
1.370968e+00 -1.983239e-01 -1.892277e-02 4.336799e-19 
1.451613e+00 -2.983242e-01 -2.846038e-02 -9.211585e-19 
1.532258e+00 -3.299315e-01 -3.147697e-02 -3.523667e-18 
1.612903e+00 -2.732277e-01 -2.607306e-02 -1.083169e-19 
1.693548e+00 -1.327543e-01 -1.267303e-02 4.335757e-19 
1.774194e+00 6.102941e-02 5.828647e-03 5.046704e-23 
1.854839e+00 2.584567e-01 2.469435e-02 4.876859e-19 
1.935484e+00 4.040561e-01 3.861613e-02 2.720703e-20 
2.016129e+00 4.528554e-01 4.328168e-02 5.465557e-20 
2.096774e+00 3.845988e-01 3.675015e-02 5.420934e-20 
2.177419e+00 2.112744e-01 2.017958e-02 1.301041e-18 
2.258065e+00 -2.474388e-02 -2.362095e-03 2.168395e-19 
2.338710e+00 -2.617750e-01 -2.497635e-02 4.336850e-19 
2.419355e+00 -4.360518e-01 -4.158845e-02 -7.597768e-19 
2.500000e+00 -5.000000e-01 -4.768064e-02 -8.677886e-19 
2.580645e+00 -4.360518e-01 -4.158783e-02 -2.493670e-18 
2.661290e+00 -2.617750e-01 -2.497558e-02 -2.144922e-22 
2.741935e+00 -2.474388e-02 -2.361981e-03 -2.168541e-19 
2.822581e+00 2.112744e-01 2.017823e-02 2.114607e-18 
2.903226e+00 3.845988e-01 3.674705e-02 2.602079e-18 
2.983871e+00 4.528554e-01 4.327745e-02 -9.758006e-19 
3.064516e+00 4.040561e-01 3.861214e-02 2.601674e-18 
3.145161e+00 2.584567e-01 2.469190e-02 5.419996e-20 
3.225806e+00 6.102941e-02 5.828142e-03 2.168398e-19 
3.306452e+00 -1.327543e-01 -1.267213e-02 1.048216e-22 
3.387097e+00 -2.732277e-01 -2.607150e-02 1.592425e-19 
3.467742e+00 -3.299315e-01 -3.147517e-02 4.066827e-19 
3.548387e+00 -2.983242e-01 -2.845846e-02 1.267652e-20 
3.629032e+00 -1.983239e-01 -1.892106e-02 5.420908e-20 
3.709677e+00 -6.583697e-02 -6.282512e-03 3.252641e-19 
3.790323e+00 5.948930e-02 5.678209e-03 9.480399e-20 
3.870968e+00 1.461595e-01 1.395392e-02 -1.083165e-19 
3.951613e+00 1.787455e-01 1.706743e-02 1.368549e-20 
4.032258e+00 1.598335e-01 1.526249e-02 -1.626282e-19 
4.112903e+00 1.061514e-01 1.013611e-02 -1.046340e-22 
4.193548e+00 4.089832e-02 3.904954e-03 2.167844e-19 
4.274194e+00 -1.468448e-02 -1.401923e-03 -8.131516e-20 
4.354839e+00 -4.759630e-02 -4.543564e-03 6.755028e-21 
4.435484e+00 -5.542278e-02 -5.290288e-03 -1.219168e-19 
4.516129e+00 -4.457924e-02 -4.255031e-03 2.167881e-19 
4.596774e+00 -2.578293e-02 -2.460881e-03 2.709327e-20 
4.677419e+00 -8.922626e-03 -8.516178e-04 -2.709836e-20 
4.758065e+00 5.807021e-04 5.542441e-05 7.940763e-22 
4.838710e+00 2.706981e-03 2.583620e-04 -1.355067e-20 
4.919355e+00 1.121497e-03 1.070378e-04 -8.474520e-22 
