0.000000e+00 0.000000e+00 0.000000e+00 0.000000e+00 
8.064516e-02 1.121497e-03 1.819200e-04 1.005168e-21 
1.612903e-01 2.706981e-03 4.391304e-04 -2.769250e-22 
2.419355e-01 5.807021e-04 9.420560e-05 -1.072049e-22 
3.225806e-01 -8.922626e-03 -1.447529e-03 -1.147114e-20 
4.032258e-01 -2.578293e-02 -4.183200e-03 3.827815e-21 
4.838710e-01 -4.457924e-02 -7.234265e-03 -4.520883e-20 
5.645161e-01 -5.542278e-02 -8.996469e-03 9.884999e-20 
6.451613e-01 -4.759630e-02 -7.728697e-03 -1.599967e-20 
7.258065e-01 -1.468448e-02 -2.385420e-03 4.899244e-20 
8.064516e-01 4.089832e-02 6.646655e-03 -7.677617e-21 
8.870968e-01 1.061514e-01 1.725874e-02 -9.448576e-21 
9.677419e-01 1.598335e-01 2.599546e-02 1.566212e-19 
1.048387e+00 1.787455e-01 2.907751e-02 -7.161859e-19 
1.129032e+00 1.461595e-01 2.377951e-02 -3.161396e-19 
1.209677e+00 5.948930e-02 9.678881e-03 5.441322e-20 
1.290323e+00 -6.583697e-02 -1.071117e-02 -2.947803e-19 
1.370968e+00 -1.983239e-01 -3.226652e-02 -4.025571e-19 
1.451613e+00 -2.983242e-01 -4.854639e-02 -1.127820e-18 
1.532258e+00 -3.299315e-01 -5.371372e-02 9.693421e-19 
1.612903e+00 -2.732277e-01 -4.451171e-02 7.318574e-20 
1.693548e+00 -1.327543e-01 -2.164514e-02 -5.889323e-20 
1.774194e+00 6.102941e-02 9.959915e-03 1.822834e-21 
1.854839e+00 2.584567e-01 4.221788e-02 8.823782e-19 
1.935484e+00 4.040561e-01 6.604905e-02 3.894518e-19 
2.016129e+00 4.528554e-01 7.405977e-02 -3.663763e-20 
2.096774e+00 3.845988e-01 6.290844e-02 9.718109e-19 
2.177419e+00 2.112744e-01 3.455616e-02 -8.965620e-20 
2.258065e+00 -2.474388e-02 -4.046260e-03 9.952918e-20 
2.338710e+00 -2.617750e-01 -4.279802e-02 8.649650e-20 
2.419355e+00 -4.360518e-01 -7.129002e-02 -6.778137e-20 
2.500000e+00 -5.000000e-01 -8.176981e-02 2.660433e-19 
2.580645e+00 -4.360518e-01 -7.135580e-02 1.917514e-20 
2.661290e+00 -2.617750e-01 -4.287390e-02 2.017169e-19 
2.741935e+00 -2.474388e-02 -4.056723e-03 4.212324e-20 
2.822581e+00 2.112744e-01 3.467436e-02 -7.640181e-20 
2.903226e+00 3.845988e-01 6.317785e-02 -1.393758e-18 
2.983871e+00 4.528554e-01 7.443949e-02 1.350733e-18 
3.064516e+00 4.040561e-01 6.644318e-02 -5.699977e-19 
3.145161e+00 2.584567e-01 4.250709e-02 1.403707e-20 
3.225806e+00 6.102941e-02 1.003692e-02 -1.670049e-19 
3.306452e+00 -1.327543e-01 -2.183070e-02 -2.359188e-19 
3.387097e+00 -2.732277e-01 -4.493053e-02 -7.407440e-19 
3.467742e+00 -3.299315e-01 -5.426551e-02 -4.378636e-19 
3.548387e+00 -2.983242e-01 -4.908657e-02 -9.720759e-19 
3.629032e+00 -1.983239e-01 -3.265087e-02 -3.044512e-19 
3.709677e+00 -6.583697e-02 -1.084629e-02 1.877430e-19 
3.790323e+00 5.948930e-02 9.807574e-03 -3.213654e-20 
3.870968e+00 1.461595e-01 2.411277e-02 6.112833e-20 
3.951613e+00 1.787455e-01 2.950565e-02 3.637048e-20 
4.032258e+00 1.598335e-01 2.639550e-02 -9.168317e-19 
4.112903e+00 1.061514e-01 1.753645e-02 -2.094948e-20 
4.193548e+00 4.089832e-02 6.758423e-03 -7.260450e-20 
4.274194e+00 -1.468448e-02 -2.427125e-03 -6.900066e-21 
4.354839e+00 -4.759630e-02 -7.868649e-03 3.410302e-20 
4.435484e+00 -5.542278e-02 -9.165027e-03 -1.639452e-20 
4.516129e+00 -4.457924e-02 -7.374297e-03 5.533963e-20 
4.596774e+00 -2.578293e-02 -4.266521e-03 3.234491e-20 
4.677419e+00 -8.922626e-03 -1.477034e-03 1.603718e-20 
4.758065e+00 5.807021e-04 9.616337e-05 -1.704655e-21 
4.838710e+00 2.706981e-03 4.484370e-04 5.440985e-21 
4.919355e+00 1.121497e-03 1.858513e-04 -3.421030e-21 
